0 0.228125 0.865741 0.047917 0.087037
0 0.328125 0.637500 0.028125 0.086111
0 0.465104 0.425000 0.034375 0.070370
0 0.176302 0.910185 0.025521 0.079630
0 0.388802 0.434722 0.021354 0.078704
0 0.425000 0.679630 0.021875 0.092593
0 0.804167 0.717130 0.022917 0.089815
0 0.760677 0.367130 0.022396 0.032407
0 0.475000 0.370370 0.033333 0.037037
0 0.440104 0.375463 0.025000 0.049074
0 0.159375 0.375926 0.032292 0.053704
0 0.172135 0.400463 0.042188 0.052778
0 0.403646 0.475926 0.033333 0.053704
0 0.023698 0.799074 0.036979 0.042593
